1CID A  107   177 PF05790 P05540   0.00000   0.00000   0.33333   0.00000   0.08333   0.08333   0.08333   0.00000   0.08333   0.08333   0.08333   0.08333   0.00000   0.08333   0.00000   0.00000   0.00000   0.00000   0.00000   0.00000   0
4Q6I C  100   178 PF05790 P01730   0.06250   0.06250   0.00000   0.00000   0.06250   0.18750   0.31250   0.00000   0.00000   0.06250   0.12500   0.00000   0.06250   0.00000   0.00000   0.00000   0.00000   0.00000   0.06250   0.00000   1
1WIQ B  292   363 PF05790 P01730   0.00000   0.07143   0.00000   0.00000   0.14286   0.00000   0.07143   0.00000   0.07143   0.21429   0.00000   0.07143   0.07143   0.07143   0.00000   0.00000   0.00000   0.21429   0.00000   0.00000   1
4IM8 A  123   217 PF08205 Q62151   0.05882   0.05882   0.17647   0.00000   0.00000   0.11765   0.23529   0.05882   0.00000   0.05882   0.00000   0.05882   0.00000   0.00000   0.00000   0.00000   0.00000   0.00000   0.05882   0.11765   0
4LP4 A  124   219 PF08205 Q15109   0.05882   0.05882   0.17647   0.00000   0.00000   0.05882   0.17647   0.11765   0.00000   0.05882   0.00000   0.11765   0.00000   0.00000   0.05882   0.00000   0.00000   0.00000   0.05882   0.05882   0
3FN3 B  135   220 PF08205 Q9NZQ7   0.00000   0.00000   0.13333   0.13333   0.00000   0.06667   0.20000   0.00000   0.00000   0.13333   0.06667   0.00000   0.13333   0.00000   0.00000   0.00000   0.06667   0.00000   0.00000   0.06667   1
5IUS C   19   127 PF08205 Q9NZQ7   0.05263   0.00000   0.10526   0.00000   0.05263   0.05263   0.10526   0.05263   0.05263   0.15789   0.10526   0.10526   0.05263   0.00000   0.00000   0.00000   0.05263   0.00000   0.00000   0.05263   1
1XIW A   15   102 PF16681 P07766   0.00000   0.00000   0.06667   0.06667   0.00000   0.06667   0.20000   0.00000   0.06667   0.00000   0.13333   0.20000   0.00000   0.00000   0.00000   0.06667   0.13333   0.00000   0.00000   0.00000   0
1XMW A    8    79 PF16681 P22646   0.00000   0.00000   0.14286   0.00000   0.07143   0.07143   0.21429   0.00000   0.07143   0.14286   0.07143   0.07143   0.00000   0.00000   0.00000   0.00000   0.14286   0.00000   0.00000   0.00000   0
3QJF C  117   199 PF09291 P01848   0.00000   0.08333   0.00000   0.00000   0.00000   0.25000   0.00000   0.08333   0.00000   0.00000   0.08333   0.08333   0.08333   0.08333   0.00000   0.16667   0.08333   0.00000   0.00000   0.00000   1
2CKN A   27   105 PF00047 P16092   0.05263   0.05263   0.05263   0.00000   0.21053   0.05263   0.00000   0.10526   0.05263   0.10526   0.05263   0.00000   0.15789   0.00000   0.00000   0.00000   0.00000   0.00000   0.05263   0.05263   0
3O4O C  228   328 PF00047 P27930   0.05556   0.05556   0.00000   0.00000   0.11111   0.05556   0.16667   0.05556   0.05556   0.00000   0.00000   0.16667   0.11111   0.00000   0.00000   0.05556   0.00000   0.00000   0.00000   0.11111   0
2CR3 A    8    86 PF00047 P11362   0.05556   0.05556   0.00000   0.00000   0.22222   0.05556   0.00000   0.11111   0.05556   0.11111   0.11111   0.00000   0.11111   0.00000   0.00000   0.00000   0.00000   0.00000   0.05556   0.05556   0
3WYR A   11    89 PF00047 Q99706   0.11765   0.05882   0.05882   0.00000   0.05882   0.11765   0.11765   0.00000   0.00000   0.00000   0.05882   0.05882   0.11765   0.00000   0.00000   0.00000   0.05882   0.00000   0.11765   0.05882   1
3WYR B  106   186 PF00047 Q99706   0.11765   0.05882   0.00000   0.00000   0.00000   0.17647   0.29412   0.00000   0.05882   0.11765   0.00000   0.00000   0.11765   0.00000   0.00000   0.00000   0.00000   0.00000   0.00000   0.05882   1
4EXP X  207   293 PF00047 P09581   0.11111   0.05556   0.11111   0.05556   0.11111   0.16667   0.00000   0.00000   0.00000   0.11111   0.05556   0.11111   0.05556   0.00000   0.00000   0.00000   0.00000   0.00000   0.00000   0.05556   0
4Q6I I    1    98 PF00047 P01730   0.05556   0.00000   0.05556   0.11111   0.05556   0.05556   0.22222   0.11111   0.00000   0.05556   0.00000   0.27778   0.00000   0.00000   0.00000   0.00000   0.00000   0.00000   0.00000   0.00000   0
4WRL A  207   293 PF00047 P07333   0.00000   0.11765   0.17647   0.05882   0.11765   0.11765   0.00000   0.00000   0.05882   0.05882   0.17647   0.00000   0.05882   0.00000   0.00000   0.00000   0.00000   0.00000   0.00000   0.05882   0
1NKR A   11    94 PF00047 P43626   0.00000   0.05556   0.00000   0.05556   0.11111   0.22222   0.11111   0.00000   0.00000   0.16667   0.05556   0.05556   0.05556   0.00000   0.00000   0.00000   0.00000   0.05556   0.05556   0.00000   0
1NKR A  111   192 PF00047 P43626   0.11111   0.11111   0.00000   0.00000   0.05556   0.27778   0.16667   0.00000   0.05556   0.11111   0.00000   0.00000   0.05556   0.00000   0.00000   0.00000   0.00000   0.00000   0.00000   0.05556   0
1ZVO C  302   393 PF00047 P01880   0.00000   0.06667   0.06667   0.00000   0.13333   0.06667   0.33333   0.06667   0.00000   0.06667   0.00000   0.06667   0.00000   0.00000   0.00000   0.06667   0.00000   0.06667   0.00000   0.00000   0
4N8V G   11    94 PF00047 P43631   0.05556   0.05556   0.00000   0.05556   0.11111   0.16667   0.11111   0.00000   0.00000   0.16667   0.05556   0.05556   0.05556   0.00000   0.00000   0.00000   0.00000   0.05556   0.05556   0.00000   0
4N8V G  111   192 PF00047 P43631   0.11111   0.11111   0.00000   0.00000   0.05556   0.33333   0.16667   0.00000   0.00000   0.11111   0.00000   0.00000   0.05556   0.00000   0.00000   0.00000   0.00000   0.00000   0.00000   0.05556   0
4IM8 A   23   111 PF00047 Q62151   0.10000   0.00000   0.05000   0.05000   0.05000   0.15000   0.10000   0.00000   0.10000   0.05000   0.05000   0.10000   0.10000   0.00000   0.00000   0.00000   0.00000   0.00000   0.00000   0.10000   0
4PBV A  214   299 PF00047 Q91044   0.05556   0.00000   0.16667   0.00000   0.05556   0.05556   0.27778   0.00000   0.11111   0.11111   0.05556   0.00000   0.05556   0.00000   0.00000   0.00000   0.00000   0.00000   0.05556   0.00000   0
4OI7 A   23   112 PF00047 Q15109   0.05263   0.00000   0.05263   0.10526   0.00000   0.05263   0.05263   0.05263   0.10526   0.05263   0.05263   0.15789   0.10526   0.00000   0.00000   0.05263   0.00000   0.00000   0.00000   0.10526   1
4LL9 B  109   190 PF00047 Q8NHL6   0.11765   0.05882   0.05882   0.00000   0.05882   0.11765   0.23529   0.00000   0.05882   0.11765   0.05882   0.00000   0.05882   0.00000   0.00000   0.00000   0.00000   0.00000   0.00000   0.05882   2
4ZNE A  195   275 PF00047 P12314   0.11111   0.05556   0.00000   0.00000   0.22222   0.05556   0.05556   0.00000   0.11111   0.11111   0.05556   0.00000   0.00000   0.00000   0.00000   0.00000   0.05556   0.05556   0.00000   0.11111   0
3QS9 E  255   345 PF00047 P36888   0.11111   0.00000   0.05556   0.00000   0.00000   0.05556   0.05556   0.00000   0.00000   0.16667   0.05556   0.11111   0.05556   0.00000   0.00000   0.11111   0.05556   0.05556   0.00000   0.11111   0
1N26 A   11    82 PF00047 P08887   0.17647   0.00000   0.11765   0.00000   0.11765   0.11765   0.17647   0.05882   0.05882   0.00000   0.00000   0.00000   0.11765   0.00000   0.00000   0.00000   0.00000   0.00000   0.00000   0.05882   0
1VDG A    5    95 PF13895 Q8NHL6   0.05263   0.05263   0.05263   0.00000   0.00000   0.05263   0.10526   0.05263   0.00000   0.05263   0.10526   0.00000   0.21053   0.00000   0.00000   0.00000   0.05263   0.05263   0.00000   0.15789   1
4X4M F  104   185 PF13895 P12314   0.05556   0.11111   0.11111   0.00000   0.05556   0.00000   0.16667   0.00000   0.05556   0.11111   0.05556   0.00000   0.05556   0.00000   0.00000   0.00000   0.05556   0.00000   0.11111   0.05556   0
1H9V A    4    83 PF13895 P12318   0.00000   0.00000   0.00000   0.00000   0.11765   0.05882   0.17647   0.11765   0.11765   0.11765   0.11765   0.05882   0.05882   0.00000   0.00000   0.05882   0.00000   0.00000   0.00000   0.00000   0
1H9V A   87   169 PF13895 P12318   0.05556   0.00000   0.00000   0.00000   0.00000   0.05556   0.11111   0.05556   0.05556   0.16667   0.11111   0.05556   0.05556   0.00000   0.05556   0.05556   0.00000   0.00000   0.11111   0.05556   0
3WJL C    4    83 PF13895 P31995   0.00000   0.00000   0.00000   0.00000   0.11765   0.05882   0.17647   0.11765   0.11765   0.11765   0.05882   0.05882   0.11765   0.00000   0.00000   0.05882   0.00000   0.00000   0.00000   0.00000   0
3WJL C   87   169 PF13895 P31995   0.05556   0.00000   0.05556   0.00000   0.00000   0.05556   0.11111   0.05556   0.05556   0.16667   0.11111   0.05556   0.05556   0.00000   0.00000   0.05556   0.00000   0.00000   0.11111   0.05556   0
2LE9 A    7    90 PF13895 Q15109   0.15789   0.10526   0.10526   0.05263   0.00000   0.05263   0.21053   0.05263   0.00000   0.05263   0.00000   0.00000   0.05263   0.00000   0.05263   0.00000   0.00000   0.00000   0.00000   0.10526   0
4LP5 A  237   320 PF13895 Q15109   0.15789   0.10526   0.10526   0.05263   0.00000   0.05263   0.21053   0.05263   0.00000   0.05263   0.00000   0.00000   0.05263   0.00000   0.05263   0.00000   0.00000   0.00000   0.00000   0.10526   0
1J88 D   87   169 PF13895 P12319   0.05556   0.05556   0.05556   0.00000   0.00000   0.05556   0.11111   0.05556   0.00000   0.11111   0.11111   0.00000   0.05556   0.00000   0.05556   0.05556   0.11111   0.00000   0.05556   0.05556   1
3SGJ C    9    86 PF13895 P08637   0.00000   0.00000   0.00000   0.00000   0.11111   0.05556   0.05556   0.16667   0.05556   0.11111   0.05556   0.11111   0.11111   0.00000   0.00000   0.16667   0.00000   0.00000   0.00000   0.00000   0
5D6D C   90   172 PF13895 P08637   0.00000   0.05263   0.05263   0.00000   0.05263   0.05263   0.00000   0.05263   0.05263   0.15789   0.05263   0.05263   0.10526   0.00000   0.00000   0.05263   0.05263   0.00000   0.10526   0.10526   0
2GI7 A    7    87 PF13895 Q9HCN6   0.00000   0.05556   0.00000   0.00000   0.16667   0.00000   0.05556   0.05556   0.00000   0.11111   0.11111   0.05556   0.16667   0.00000   0.00000   0.05556   0.00000   0.00000   0.00000   0.16667   0
2GI7 A   93   182 PF13895 Q9HCN6   0.13333   0.06667   0.00000   0.00000   0.00000   0.06667   0.26667   0.13333   0.00000   0.06667   0.13333   0.00000   0.06667   0.00000   0.00000   0.00000   0.06667   0.00000   0.00000   0.00000   1
1ITB B  104   196 PF13895 P14778   0.11111   0.05556   0.11111   0.11111   0.00000   0.00000   0.05556   0.11111   0.05556   0.00000   0.00000   0.11111   0.00000   0.00000   0.11111   0.05556   0.05556   0.00000   0.00000   0.05556   0
4YFD B  152   233 PF13895 Q61730   0.08333   0.00000   0.00000   0.08333   0.00000   0.08333   0.16667   0.00000   0.08333   0.08333   0.00000   0.08333   0.00000   0.00000   0.00000   0.08333   0.08333   0.00000   0.08333   0.08333   0
3WO4 C  154   242 PF13895 O95256   0.05263   0.05263   0.10526   0.00000   0.15789   0.21053   0.10526   0.10526   0.05263   0.00000   0.00000   0.05263   0.00000   0.00000   0.00000   0.00000   0.05263   0.00000   0.05263   0.00000   0
3NVQ E  545   628 PF13895 O75326   0.00000   0.05556   0.00000   0.00000   0.00000   0.16667   0.00000   0.00000   0.05556   0.05556   0.11111   0.11111   0.11111   0.00000   0.00000   0.11111   0.05556   0.00000   0.05556   0.11111   1
2AGJ H   48   125 PF07654 P01871   0.00000   0.00000   0.00000   0.00000   0.00000   0.00000   0.50000   0.00000   0.00000   0.00000   0.33333   0.00000   0.00000   0.00000   0.00000   0.00000   0.16667   0.00000   0.00000   0.00000   0
2AGJ H  134   211 PF07654 P01871   0.00000   0.07692   0.30769   0.00000   0.00000   0.15385   0.07692   0.00000   0.00000   0.00000   0.00000   0.15385   0.00000   0.07692   0.00000   0.00000   0.00000   0.00000   0.07692   0.07692   0
4JVU B  233   327 PF07654 P01872   0.07692   0.00000   0.15385   0.07692   0.07692   0.07692   0.15385   0.07692   0.00000   0.07692   0.00000   0.15385   0.00000   0.00000   0.00000   0.07692   0.00000   0.00000   0.00000   0.00000   1
4BA8 A    6    92 PF07654 P01872   0.00000   0.16667   0.08333   0.08333   0.08333   0.08333   0.08333   0.00000   0.08333   0.08333   0.08333   0.08333   0.00000   0.00000   0.00000   0.00000   0.00000   0.00000   0.00000   0.08333   0
4JVW B  452   543 PF07654 P01872   0.00000   0.06250   0.12500   0.00000   0.25000   0.06250   0.12500   0.00000   0.00000   0.12500   0.00000   0.00000   0.12500   0.06250   0.00000   0.00000   0.00000   0.00000   0.00000   0.06250   3
1GGC H  119   215 PF07654 P01865   0.06250   0.00000   0.06250   0.06250   0.06250   0.18750   0.12500   0.06250   0.00000   0.00000   0.00000   0.06250   0.00000   0.06250   0.00000   0.00000   0.06250   0.06250   0.00000   0.12500   0
1NBY B  419   502 PF07654 P01865   0.06250   0.06250   0.18750   0.00000   0.12500   0.25000   0.12500   0.06250   0.06250   0.00000   0.00000   0.00000   0.00000   0.06250   0.00000   0.00000   0.00000   0.00000   0.00000   0.00000   0
1EGJ H    5    84 PF07654 P01865   0.11765   0.00000   0.05882   0.00000   0.11765   0.17647   0.05882   0.00000   0.00000   0.00000   0.05882   0.23529   0.00000   0.00000   0.00000   0.00000   0.00000   0.00000   0.05882   0.11765   0
2RGS A  346   432 PF07654 P01867   0.00000   0.00000   0.13333   0.00000   0.20000   0.20000   0.06667   0.06667   0.06667   0.00000   0.00000   0.06667   0.00000   0.06667   0.06667   0.00000   0.00000   0.00000   0.00000   0.06667   1
1IGY D  367   463 PF07654 P01869   0.00000   0.00000   0.00000   0.08333   0.00000   0.08333   0.25000   0.16667   0.08333   0.00000   0.08333   0.08333   0.00000   0.00000   0.08333   0.00000   0.00000   0.00000   0.00000   0.08333   1
1ZVO D  135   220 PF07654 P01880   0.00000   0.07692   0.07692   0.15385   0.15385   0.07692   0.00000   0.00000   0.07692   0.07692   0.00000   0.07692   0.00000   0.00000   0.00000   0.00000   0.07692   0.00000   0.07692   0.07692   0
1ZVO D  407   491 PF07654 P01880   0.00000   0.23077   0.07692   0.00000   0.30769   0.07692   0.15385   0.07692   0.00000   0.00000   0.00000   0.00000   0.00000   0.07692   0.00000   0.00000   0.00000   0.00000   0.00000   0.00000   1
1S9V E   97   180 PF07654 P01920   0.00000   0.00000   0.07692   0.07692   0.07692   0.07692   0.15385   0.00000   0.07692   0.07692   0.00000   0.00000   0.00000   0.07692   0.07692   0.00000   0.07692   0.07692   0.00000   0.07692   0
4P5M H   95   178 PF07654 P04440   0.00000   0.10000   0.20000   0.00000   0.20000   0.10000   0.10000   0.00000   0.00000   0.00000   0.00000   0.00000   0.00000   0.00000   0.00000   0.10000   0.00000   0.00000   0.10000   0.10000   1
3O6F B  126   209 PF07654 P13760   0.00000   0.00000   0.18182   0.00000   0.09091   0.09091   0.18182   0.00000   0.09091   0.09091   0.00000   0.00000   0.00000   0.00000   0.00000   0.09091   0.09091   0.00000   0.00000   0.09091   0
2FSE D   97   180 PF07654 P04229   0.06667   0.00000   0.13333   0.00000   0.13333   0.06667   0.06667   0.00000   0.06667   0.00000   0.13333   0.00000   0.00000   0.00000   0.00000   0.06667   0.06667   0.00000   0.13333   0.06667   1
2Q6W E   97   180 PF07654 P79483   0.00000   0.00000   0.14286   0.00000   0.14286   0.00000   0.00000   0.00000   0.07143   0.00000   0.07143   0.00000   0.00000   0.14286   0.00000   0.00000   0.14286   0.07143   0.14286   0.07143   0
1A6A B   97   180 PF07654 P01912   0.00000   0.00000   0.14286   0.00000   0.07143   0.07143   0.14286   0.00000   0.07143   0.07143   0.07143   0.00000   0.00000   0.00000   0.00000   0.07143   0.07143   0.00000   0.14286   0.07143   0
1H15 B   97   180 PF07654 Q30154   0.00000   0.00000   0.13333   0.00000   0.20000   0.00000   0.06667   0.00000   0.06667   0.00000   0.06667   0.00000   0.00000   0.13333   0.00000   0.00000   0.13333   0.06667   0.13333   0.00000   0
1JK8 A   87   170 PF07654 P01909   0.07143   0.00000   0.14286   0.00000   0.14286   0.00000   0.07143   0.00000   0.07143   0.00000   0.07143   0.00000   0.00000   0.14286   0.00000   0.07143   0.07143   0.07143   0.00000   0.07143   0
1BX2 B   97   180 PF07654 P01911   0.00000   0.06667   0.13333   0.00000   0.13333   0.06667   0.06667   0.00000   0.06667   0.00000   0.06667   0.00000   0.00000   0.00000   0.00000   0.06667   0.06667   0.00000   0.13333   0.13333   0
4P4K E   87   170 PF07654 P20036   0.06667   0.00000   0.06667   0.06667   0.13333   0.00000   0.06667   0.06667   0.06667   0.06667   0.06667   0.00000   0.00000   0.00000   0.00000   0.13333   0.00000   0.00000   0.06667   0.13333   1
2IAL D  119   213 PF07654 P01850   0.00000   0.00000   0.07692   0.00000   0.07692   0.07692   0.07692   0.00000   0.07692   0.07692   0.07692   0.07692   0.15385   0.00000   0.00000   0.07692   0.00000   0.07692   0.07692   0.00000   1
1BX2 D   87   170 PF07654 P01903   0.00000   0.00000   0.11765   0.05882   0.23529   0.00000   0.05882   0.00000   0.05882   0.05882   0.00000   0.00000   0.05882   0.11765   0.00000   0.05882   0.05882   0.05882   0.00000   0.05882   1
3VXO A  184   266 PF07654 P05534   0.00000   0.00000   0.08333   0.00000   0.00000   0.00000   0.25000   0.08333   0.00000   0.00000   0.16667   0.00000   0.08333   0.00000   0.00000   0.00000   0.00000   0.08333   0.16667   0.08333   0
4NT6 A  185   266 PF07654 P30505   0.00000   0.00000   0.07143   0.00000   0.00000   0.00000   0.21429   0.14286   0.00000   0.07143   0.14286   0.00000   0.07143   0.00000   0.00000   0.00000   0.00000   0.07143   0.14286   0.07143   0
3RL1 A  184   266 PF07654 P04439   0.00000   0.07692   0.07692   0.00000   0.07692   0.07692   0.15385   0.00000   0.00000   0.00000   0.23077   0.00000   0.00000   0.07692   0.00000   0.00000   0.00000   0.00000   0.15385   0.07692   0
4MJ6 A  184   266 PF07654 P13746   0.00000   0.09091   0.09091   0.00000   0.00000   0.09091   0.18182   0.00000   0.00000   0.00000   0.18182   0.00000   0.00000   0.09091   0.00000   0.00000   0.00000   0.00000   0.18182   0.09091   0
4NQV A  184   266 PF07654 P30443   0.00000   0.00000   0.07143   0.00000   0.00000   0.00000   0.21429   0.14286   0.00000   0.00000   0.21429   0.00000   0.07143   0.00000   0.00000   0.00000   0.00000   0.07143   0.14286   0.07143   1
2NX5 A  185   266 PF07654 P30685   0.00000   0.00000   0.10000   0.00000   0.00000   0.00000   0.30000   0.10000   0.00000   0.00000   0.20000   0.00000   0.10000   0.00000   0.00000   0.00000   0.00000   0.10000   0.10000   0.00000   0
1A1M A  185   266 PF07654 P30491   0.00000   0.08333   0.08333   0.00000   0.08333   0.00000   0.16667   0.08333   0.00000   0.00000   0.16667   0.00000   0.00000   0.08333   0.00000   0.00000   0.00000   0.00000   0.16667   0.08333   0
4O2C A  185   266 PF07654 P30475   0.00000   0.08333   0.08333   0.00000   0.08333   0.00000   0.16667   0.08333   0.00000   0.00000   0.16667   0.00000   0.00000   0.08333   0.00000   0.00000   0.00000   0.00000   0.16667   0.08333   0
4QRS A  185   266 PF07654 P30460   0.00000   0.08333   0.08333   0.00000   0.08333   0.00000   0.16667   0.08333   0.00000   0.00000   0.16667   0.00000   0.00000   0.08333   0.00000   0.00000   0.00000   0.00000   0.16667   0.08333   0
3LN5 A  185   266 PF07654 P30479   0.00000   0.09091   0.09091   0.00000   0.00000   0.09091   0.18182   0.00000   0.00000   0.00000   0.27273   0.00000   0.00000   0.09091   0.00000   0.00000   0.00000   0.00000   0.09091   0.09091   0
3W39 A  186   267 PF07654 P30490   0.00000   0.00000   0.09091   0.00000   0.00000   0.00000   0.27273   0.18182   0.00000   0.00000   0.18182   0.00000   0.09091   0.00000   0.00000   0.00000   0.00000   0.09091   0.09091   0.00000   0
1M6O A  185   266 PF07654 P30481   0.00000   0.00000   0.07692   0.00000   0.00000   0.00000   0.23077   0.15385   0.00000   0.00000   0.23077   0.00000   0.07692   0.00000   0.00000   0.00000   0.00000   0.07692   0.15385   0.00000   0
4LCY F  185   266 PF07654 P30484   0.00000   0.10000   0.10000   0.00000   0.00000   0.10000   0.20000   0.00000   0.00000   0.00000   0.20000   0.00000   0.00000   0.10000   0.00000   0.00000   0.00000   0.00000   0.10000   0.10000   1
4U1N A  185   266 PF07654 P30480   0.00000   0.00000   0.07692   0.00000   0.00000   0.00000   0.23077   0.15385   0.00000   0.00000   0.23077   0.00000   0.07692   0.00000   0.00000   0.00000   0.00000   0.07692   0.15385   0.00000   0
3C9N A  185   266 PF07654 P30464   0.00000   0.08333   0.08333   0.00000   0.08333   0.00000   0.16667   0.08333   0.00000   0.00000   0.16667   0.00000   0.00000   0.08333   0.00000   0.00000   0.00000   0.00000   0.16667   0.08333   0
3VCL A  185   266 PF07654 P01889   0.00000   0.07143   0.07143   0.00000   0.07143   0.00000   0.14286   0.14286   0.00000   0.07143   0.14286   0.00000   0.00000   0.07143   0.00000   0.00000   0.00000   0.00000   0.14286   0.07143   0
3BP4 A  185   266 PF07654 P03989   0.00000   0.08333   0.08333   0.00000   0.00000   0.08333   0.16667   0.00000   0.00000   0.00000   0.25000   0.00000   0.00000   0.08333   0.00000   0.00000   0.00000   0.00000   0.16667   0.08333   0
4MJI A  185   266 PF07654 P18464   0.00000   0.06667   0.06667   0.00000   0.06667   0.00000   0.13333   0.13333   0.00000   0.06667   0.20000   0.00000   0.00000   0.06667   0.00000   0.00000   0.00000   0.00000   0.13333   0.06667   0
4U1L D  185   266 PF07654 Q31610   0.00000   0.08333   0.08333   0.00000   0.08333   0.00000   0.16667   0.08333   0.00000   0.08333   0.16667   0.00000   0.00000   0.08333   0.00000   0.00000   0.00000   0.00000   0.16667   0.00000   0
3WUW A  185   266 PF07654 P18465   0.00000   0.07692   0.07692   0.00000   0.07692   0.00000   0.15385   0.15385   0.00000   0.00000   0.15385   0.00000   0.00000   0.07692   0.00000   0.00000   0.00000   0.00000   0.15385   0.07692   0
4XXC A  185   266 PF07654 P30466   0.00000   0.07692   0.07692   0.00000   0.07692   0.00000   0.15385   0.07692   0.00000   0.00000   0.23077   0.00000   0.00000   0.07692   0.00000   0.00000   0.00000   0.00000   0.15385   0.07692   0
1EFX A  185   266 PF07654 P04222   0.00000   0.00000   0.09091   0.00000   0.00000   0.00000   0.27273   0.18182   0.00000   0.00000   0.18182   0.00000   0.09091   0.00000   0.00000   0.00000   0.00000   0.09091   0.09091   0.00000   0
1IM9 E  185   266 PF07654 P30504   0.00000   0.09091   0.18182   0.00000   0.09091   0.00000   0.18182   0.09091   0.00000   0.00000   0.18182   0.00000   0.00000   0.09091   0.00000   0.00000   0.00000   0.00000   0.09091   0.00000   0
3BZF C  185   266 PF07654 P13747   0.00000   0.08333   0.08333   0.00000   0.08333   0.00000   0.16667   0.08333   0.00000   0.00000   0.16667   0.00000   0.00000   0.08333   0.00000   0.00000   0.00000   0.00000   0.16667   0.08333   0
4I48 A  185   266 PF07654 P01891   0.00000   0.16667   0.08333   0.00000   0.08333   0.00000   0.16667   0.08333   0.00000   0.00000   0.16667   0.00000   0.00000   0.08333   0.00000   0.00000   0.00000   0.00000   0.16667   0.00000   0
3UTS F  185   266 PF07654 P01892   0.00000   0.13333   0.06667   0.00000   0.06667   0.00000   0.06667   0.06667   0.00000   0.06667   0.00000   0.00000   0.06667   0.06667   0.06667   0.00000   0.06667   0.13333   0.13333   0.00000   1
2D31 D  184   266 PF07654 P17693   0.07143   0.14286   0.14286   0.00000   0.00000   0.00000   0.21429   0.07143   0.00000   0.00000   0.00000   0.00000   0.00000   0.07143   0.00000   0.00000   0.00000   0.00000   0.21429   0.07143   0
1A6Z A  183   267 PF07654 Q30201   0.00000   0.00000   0.14286   0.00000   0.07143   0.07143   0.21429   0.00000   0.00000   0.00000   0.00000   0.07143   0.14286   0.07143   0.00000   0.00000   0.07143   0.07143   0.07143   0.00000   0
1JE6 A  182   266 PF07654 Q29980   0.00000   0.08333   0.08333   0.00000   0.00000   0.25000   0.08333   0.00000   0.08333   0.08333   0.00000   0.00000   0.08333   0.08333   0.00000   0.08333   0.00000   0.08333   0.00000   0.00000   0
1HXM B  132   217 PF07654 P03986   0.00000   0.07143   0.00000   0.00000   0.28571   0.00000   0.07143   0.00000   0.00000   0.14286   0.07143   0.21429   0.07143   0.00000   0.00000   0.07143   0.00000   0.00000   0.00000   0.00000   0
1HXM C  123   198 PF07654 B7Z8K6   0.07143   0.00000   0.21429   0.00000   0.07143   0.07143   0.07143   0.00000   0.21429   0.07143   0.00000   0.00000   0.00000   0.07143   0.07143   0.07143   0.00000   0.00000   0.00000   0.00000   0
1XED A    5   109 PF07686 P01833   0.09524   0.09524   0.04762   0.00000   0.00000   0.09524   0.04762   0.00000   0.14286   0.14286   0.04762   0.04762   0.04762   0.04762   0.00000   0.04762   0.04762   0.00000   0.00000   0.04762   4
3CHN S  118   220 PF07686 P01833   0.04762   0.00000   0.09524   0.00000   0.09524   0.00000   0.23810   0.09524   0.09524   0.00000   0.09524   0.09524   0.04762   0.00000   0.00000   0.00000   0.04762   0.00000   0.00000   0.04762   0
3CM9 S  223   323 PF07686 P01833   0.09524   0.04762   0.04762   0.00000   0.14286   0.04762   0.09524   0.04762   0.00000   0.14286   0.04762   0.00000   0.09524   0.04762   0.00000   0.00000   0.04762   0.00000   0.04762   0.04762   0
3CHN J  336   439 PF07686 P01833   0.04762   0.09524   0.09524   0.04762   0.04762   0.14286   0.09524   0.00000   0.04762   0.04762   0.00000   0.04762   0.00000   0.04762   0.00000   0.04762   0.00000   0.09524   0.00000   0.09524   0
3CHN S  447   544 PF07686 P01833   0.14286   0.00000   0.09524   0.00000   0.14286   0.00000   0.14286   0.00000   0.04762   0.04762   0.00000   0.04762   0.00000   0.04762   0.00000   0.00000   0.00000   0.14286   0.04762   0.09524   0
4NOB A   23   128 PF07686 O70570   0.09524   0.00000   0.00000   0.04762   0.00000   0.23810   0.04762   0.04762   0.04762   0.14286   0.09524   0.04762   0.00000   0.04762   0.00000   0.04762   0.04762   0.00000   0.00000   0.04762   0
4NOF A  136   238 PF07686 O70570   0.05263   0.00000   0.05263   0.15789   0.05263   0.05263   0.10526   0.05263   0.10526   0.05263   0.00000   0.10526   0.05263   0.05263   0.00000   0.00000   0.00000   0.00000   0.05263   0.05263   1
4WTZ A    4   107 PF07686 P40199   0.16667   0.05556   0.00000   0.00000   0.16667   0.05556   0.05556   0.00000   0.05556   0.16667   0.05556   0.05556   0.00000   0.00000   0.00000   0.05556   0.05556   0.00000   0.05556   0.00000   3
3UPA A    6   107 PF07686 P04431   0.04762   0.00000   0.04762   0.00000   0.00000   0.33333   0.19048   0.04762   0.00000   0.00000   0.09524   0.00000   0.09524   0.00000   0.00000   0.00000   0.09524   0.00000   0.00000   0.04762   1
4UNT F    5   110 PF07686 P01709   0.05263   0.00000   0.00000   0.00000   0.05263   0.31579   0.15789   0.10526   0.00000   0.05263   0.10526   0.00000   0.00000   0.00000   0.00000   0.00000   0.05263   0.00000   0.00000   0.10526   4
1EEU A    6   106 PF07686 P01625   0.04762   0.04762   0.04762   0.00000   0.04762   0.19048   0.09524   0.09524   0.04762   0.04762   0.09524   0.04762   0.04762   0.00000   0.00000   0.00000   0.09524   0.00000   0.00000   0.04762   0
4M8Q L    6   105 PF07686 P18136   0.09524   0.00000   0.04762   0.00000   0.00000   0.23810   0.14286   0.04762   0.00000   0.04762   0.09524   0.00000   0.09524   0.00000   0.00000   0.00000   0.09524   0.00000   0.00000   0.09524   1
3CDF D    6   107 PF07686 P01594   0.04762   0.00000   0.04762   0.00000   0.00000   0.33333   0.19048   0.04762   0.00000   0.00000   0.14286   0.00000   0.04762   0.00000   0.00000   0.00000   0.04762   0.00000   0.04762   0.04762   4
1WTL A    6   107 PF07686 P80362   0.09524   0.00000   0.04762   0.00000   0.00000   0.33333   0.19048   0.04762   0.00000   0.00000   0.04762   0.00000   0.09524   0.00000   0.00000   0.04762   0.04762   0.00000   0.00000   0.04762   1
7FAB H    5   116 PF07686 P01825   0.10526   0.00000   0.10526   0.00000   0.05263   0.21053   0.15789   0.00000   0.00000   0.00000   0.15789   0.00000   0.10526   0.00000   0.00000   0.00000   0.05263   0.00000   0.00000   0.05263   0
2IG2 H    7   117 PF07686 P01772   0.15789   0.00000   0.15789   0.00000   0.00000   0.21053   0.00000   0.05263   0.00000   0.00000   0.21053   0.00000   0.10526   0.00000   0.00000   0.05263   0.00000   0.00000   0.00000   0.05263   0
2JJU B    8   115 PF07686 O00241   0.09524   0.19048   0.00000   0.00000   0.00000   0.23810   0.09524   0.00000   0.00000   0.09524   0.00000   0.04762   0.04762   0.00000   0.00000   0.04762   0.04762   0.00000   0.00000   0.09524   1
3UPC G    6    98 PF07686 P01764   0.21053   0.05263   0.10526   0.00000   0.05263   0.15789   0.00000   0.00000   0.05263   0.00000   0.15789   0.05263   0.05263   0.00000   0.00000   0.00000   0.05263   0.00000   0.00000   0.05263   3
1ZVO C    5   128 PF07686 P01824   0.05263   0.00000   0.00000   0.10526   0.05263   0.15789   0.10526   0.00000   0.05263   0.05263   0.10526   0.05263   0.10526   0.00000   0.05263   0.00000   0.05263   0.00000   0.00000   0.05263   0
3QZW H    5   111 PF07686 P01732   0.04762   0.00000   0.00000   0.00000   0.14286   0.09524   0.19048   0.04762   0.04762   0.09524   0.09524   0.04762   0.00000   0.00000   0.00000   0.04762   0.04762   0.00000   0.04762   0.04762   1
2ATP A    9   120 PF07686 P01731   0.04762   0.00000   0.04762   0.00000   0.09524   0.04762   0.04762   0.09524   0.04762   0.09524   0.09524   0.19048   0.00000   0.00000   0.00000   0.09524   0.04762   0.00000   0.00000   0.04762   1
3KAA A   10   112 PF07686 Q8VIM0   0.18750   0.00000   0.06250   0.06250   0.06250   0.12500   0.06250   0.00000   0.06250   0.06250   0.00000   0.12500   0.00000   0.06250   0.00000   0.00000   0.06250   0.00000   0.00000   0.06250   1
4F9P B    6   115 PF07686 O00481   0.15000   0.00000   0.10000   0.00000   0.10000   0.10000   0.00000   0.10000   0.00000   0.05000   0.00000   0.05000   0.05000   0.00000   0.05000   0.00000   0.00000   0.00000   0.10000   0.15000   0
5F71 A    1   109 PF07686 Q8TDQ0   0.16667   0.00000   0.11111   0.05556   0.00000   0.05556   0.05556   0.00000   0.05556   0.16667   0.05556   0.00000   0.05556   0.05556   0.00000   0.05556   0.05556   0.00000   0.00000   0.05556   1
1HKF A    5   111 PF07686 O95944   0.05263   0.05263   0.15789   0.00000   0.00000   0.05263   0.21053   0.00000   0.00000   0.05263   0.21053   0.00000   0.05263   0.05263   0.00000   0.00000   0.00000   0.05263   0.05263   0.00000   0
3KG5 A   48   143 PF07686 P40259   0.04762   0.04762   0.00000   0.04762   0.04762   0.04762   0.09524   0.00000   0.00000   0.00000   0.04762   0.19048   0.09524   0.04762   0.00000   0.14286   0.04762   0.00000   0.04762   0.04762   1
3FN3 A   22   131 PF07686 Q9NZQ7   0.05000   0.00000   0.10000   0.00000   0.05000   0.05000   0.10000   0.05000   0.05000   0.20000   0.10000   0.10000   0.05000   0.00000   0.00000   0.00000   0.05000   0.00000   0.00000   0.05000   1
1NCN A    1   107 PF07686 P42081   0.05263   0.00000   0.00000   0.00000   0.10526   0.00000   0.05263   0.05263   0.05263   0.05263   0.21053   0.05263   0.05263   0.00000   0.05263   0.10526   0.05263   0.00000   0.05263   0.05263   1
3WV0 B   36   149 PF07686 Q9UKJ1   0.15000   0.00000   0.10000   0.00000   0.00000   0.25000   0.00000   0.00000   0.00000   0.10000   0.00000   0.05000   0.10000   0.00000   0.05000   0.05000   0.00000   0.00000   0.05000   0.10000   1
4NFC A    6   120 PF07686 Q9UKJ0   0.15000   0.00000   0.10000   0.05000   0.00000   0.25000   0.00000   0.00000   0.00000   0.05000   0.00000   0.05000   0.10000   0.00000   0.05000   0.05000   0.00000   0.00000   0.05000   0.10000   1
5IUS A   35   145 PF07686 Q15116   0.04762   0.09524   0.14286   0.00000   0.09524   0.14286   0.19048   0.04762   0.04762   0.09524   0.00000   0.00000   0.00000   0.00000   0.00000   0.00000   0.00000   0.00000   0.04762   0.04762   0
1RY7 B  252   343 PF13927 P22607   0.05556   0.05556   0.05556   0.00000   0.11111   0.11111   0.11111   0.05556   0.05556   0.11111   0.00000   0.05556   0.00000   0.00000   0.00000   0.00000   0.00000   0.00000   0.16667   0.05556   0
4LIQ E  397   489 PF13927 P07333   0.07143   0.07143   0.07143   0.00000   0.14286   0.21429   0.14286   0.00000   0.00000   0.00000   0.00000   0.00000   0.00000   0.07143   0.00000   0.00000   0.07143   0.14286   0.00000   0.00000   0
4YFD B  242   336 PF13927 Q61730   0.00000   0.00000   0.17647   0.05882   0.05882   0.00000   0.05882   0.11765   0.05882   0.23529   0.00000   0.05882   0.00000   0.00000   0.00000   0.00000   0.00000   0.00000   0.00000   0.17647   0
1FQ9 C  160   247 PF07679 P11362   0.05263   0.15789   0.00000   0.05263   0.10526   0.00000   0.10526   0.05263   0.10526   0.00000   0.00000   0.26316   0.00000   0.00000   0.00000   0.00000   0.00000   0.00000   0.00000   0.10526   1
1EVT D  259   358 PF07679 P11362   0.05556   0.11111   0.00000   0.00000   0.11111   0.05556   0.11111   0.00000   0.11111   0.11111   0.00000   0.05556   0.05556   0.00000   0.05556   0.00000   0.00000   0.00000   0.11111   0.05556   0
1IIL H  162   248 PF07679 P21802   0.05263   0.15789   0.00000   0.05263   0.10526   0.00000   0.10526   0.00000   0.15789   0.05263   0.00000   0.10526   0.10526   0.00000   0.00000   0.00000   0.00000   0.00000   0.00000   0.10526   0
1RY7 B  160   245 PF07679 P22607   0.00000   0.16667   0.05556   0.00000   0.11111   0.00000   0.11111   0.00000   0.16667   0.05556   0.00000   0.11111   0.11111   0.00000   0.00000   0.00000   0.00000   0.00000   0.00000   0.11111   0
1HCF Y  298   377 PF07679 Q16620   0.00000   0.00000   0.00000   0.00000   0.00000   0.00000   0.18182   0.18182   0.09091   0.00000   0.09091   0.09091   0.00000   0.09091   0.00000   0.09091   0.00000   0.00000   0.09091   0.09091   0
1WWC A  316   392 PF07679 Q16288   0.00000   0.00000   0.08333   0.00000   0.25000   0.00000   0.08333   0.00000   0.25000   0.16667   0.00000   0.08333   0.00000   0.08333   0.00000   0.00000   0.00000   0.00000   0.00000   0.00000   0
4KC3 B   21   104 PF07679 Q01638   0.00000   0.05882   0.00000   0.11765   0.11765   0.00000   0.05882   0.00000   0.11765   0.11765   0.05882   0.11765   0.11765   0.00000   0.00000   0.00000   0.05882   0.05882   0.00000   0.00000   0
3ZYO A  366   454 PF07679 P0C192   0.05263   0.05263   0.05263   0.00000   0.05263   0.00000   0.21053   0.05263   0.10526   0.10526   0.05263   0.05263   0.05263   0.00000   0.05263   0.00000   0.00000   0.00000   0.00000   0.10526   0
3ZYJ A  354   443 PF07679 Q9HCJ2   0.05263   0.10526   0.05263   0.05263   0.00000   0.00000   0.15789   0.05263   0.10526   0.10526   0.00000   0.05263   0.05263   0.00000   0.10526   0.00000   0.00000   0.00000   0.00000   0.10526   0
2DL9 A    8    96 PF07679 Q9HBW1   0.05263   0.00000   0.05263   0.00000   0.05263   0.10526   0.05263   0.05263   0.10526   0.10526   0.00000   0.05263   0.15789   0.00000   0.05263   0.00000   0.00000   0.00000   0.00000   0.15789   0
3ZYI A  353   441 PF07679 Q9HBW1   0.05263   0.00000   0.05263   0.00000   0.05263   0.10526   0.05263   0.05263   0.10526   0.10526   0.00000   0.05263   0.15789   0.00000   0.05263   0.00000   0.00000   0.00000   0.00000   0.15789   0
4V2A A  149   239 PF07679 Q6ZN44   0.05000   0.10000   0.10000   0.00000   0.15000   0.05000   0.05000   0.00000   0.10000   0.10000   0.05000   0.00000   0.10000   0.00000   0.00000   0.00000   0.00000   0.00000   0.00000   0.15000   0
3KHO A   46   135 PF07679 P15530   0.00000   0.05000   0.00000   0.05000   0.00000   0.10000   0.05000   0.00000   0.00000   0.00000   0.05000   0.15000   0.10000   0.05000   0.05000   0.15000   0.05000   0.00000   0.10000   0.05000   1
