1ZXQ A    1    90 PF03921 P13598   0.05263   0.05263   0.05263   0.05263   0.10526   0.15789   0.05263   0.05263   0.00000   0.15789   0.05263   0.10526   0.00000   0.05263   0.00000   0.00000   0.00000   0.00000   0.05263   0.00000   0
3TCX A    2    85 PF03921 P05362   0.10526   0.00000   0.00000   0.00000   0.21053   0.15789   0.05263   0.00000   0.05263   0.10526   0.05263   0.15789   0.00000   0.05263   0.00000   0.00000   0.05263   0.00000   0.00000   0.00000   2
1T0P B    1    85 PF03921 P32942   0.00000   0.10000   0.10000   0.00000   0.00000   0.25000   0.00000   0.00000   0.15000   0.15000   0.05000   0.05000   0.00000   0.05000   0.00000   0.05000   0.05000   0.00000   0.00000   0.00000   0
4OIB A    1    91 PF03921 Q9UMF0   0.10526   0.00000   0.10526   0.00000   0.00000   0.10526   0.05263   0.00000   0.00000   0.10526   0.10526   0.00000   0.21053   0.05263   0.00000   0.10526   0.00000   0.05263   0.00000   0.00000   0
1VSC A  109   195 PF05790 P19320   0.00000   0.00000   0.06250   0.00000   0.25000   0.12500   0.18750   0.06250   0.00000   0.06250   0.00000   0.06250   0.06250   0.00000   0.00000   0.00000   0.00000   0.00000   0.12500   0.00000   1
1HNF A  111   181 PF05790 P06729   0.06250   0.00000   0.00000   0.00000   0.06250   0.00000   0.12500   0.00000   0.18750   0.12500   0.00000   0.18750   0.00000   0.00000   0.00000   0.00000   0.06250   0.06250   0.12500   0.00000   0
1HNG B  106   176 PF05790 P08921   0.00000   0.00000   0.12500   0.00000   0.00000   0.06250   0.06250   0.00000   0.12500   0.18750   0.12500   0.12500   0.06250   0.00000   0.00000   0.00000   0.06250   0.00000   0.06250   0.00000   1
2VSC B    2   115 PF08204 Q08722   0.00000   0.00000   0.13636   0.00000   0.04545   0.04545   0.13636   0.09091   0.00000   0.18182   0.00000   0.18182   0.04545   0.00000   0.00000   0.04545   0.04545   0.00000   0.00000   0.04545   2
4HC1 A   91   202 PF09085 Q13477   0.00000   0.05000   0.00000   0.00000   0.20000   0.15000   0.10000   0.05000   0.00000   0.10000   0.15000   0.00000   0.10000   0.00000   0.05000   0.00000   0.00000   0.00000   0.00000   0.05000   1
2GY7 B   24   118 PF10430 Q02763   0.05556   0.05556   0.16667   0.05556   0.05556   0.05556   0.05556   0.05556   0.00000   0.22222   0.05556   0.05556   0.05556   0.00000   0.00000   0.00000   0.00000   0.00000   0.00000   0.05556   0
4OFY F  133   217 PF08205 Q9U3P2   0.00000   0.05263   0.15789   0.05263   0.05263   0.00000   0.00000   0.10526   0.05263   0.10526   0.05263   0.15789   0.00000   0.00000   0.00000   0.05263   0.05263   0.00000   0.00000   0.10526   0
2PF6 A  119   217 PF08205 P50895   0.00000   0.05556   0.00000   0.05556   0.00000   0.11111   0.11111   0.00000   0.05556   0.00000   0.11111   0.05556   0.05556   0.00000   0.00000   0.00000   0.22222   0.00000   0.11111   0.05556   1
5A2F A  137   231 PF08205 Q13740   0.05263   0.00000   0.10526   0.10526   0.05263   0.05263   0.10526   0.00000   0.05263   0.05263   0.00000   0.15789   0.00000   0.00000   0.00000   0.10526   0.15789   0.00000   0.00000   0.00000   0
1NN8 S  147   232 PF08205 P15151   0.00000   0.05263   0.15789   0.05263   0.05263   0.00000   0.10526   0.05263   0.00000   0.15789   0.10526   0.10526   0.00000   0.00000   0.05263   0.00000   0.00000   0.00000   0.10526   0.00000   2
4FMF C  148   237 PF08205 Q15223   0.00000   0.05556   0.11111   0.05556   0.05556   0.11111   0.05556   0.05556   0.05556   0.05556   0.00000   0.05556   0.16667   0.00000   0.00000   0.00000   0.11111   0.00000   0.05556   0.00000   0
1DR9 A  107   193 PF08205 P33681   0.05556   0.00000   0.00000   0.11111   0.22222   0.11111   0.05556   0.00000   0.00000   0.11111   0.00000   0.05556   0.11111   0.00000   0.00000   0.00000   0.05556   0.00000   0.05556   0.05556   0
4FN0 B  151   240 PF08205 P32507   0.00000   0.11765   0.05882   0.05882   0.00000   0.17647   0.05882   0.05882   0.00000   0.23529   0.00000   0.00000   0.11765   0.00000   0.00000   0.00000   0.00000   0.00000   0.05882   0.05882   1
4FOM A  173   257 PF08205 Q9NQS3   0.00000   0.00000   0.12500   0.06250   0.00000   0.12500   0.00000   0.12500   0.00000   0.12500   0.00000   0.18750   0.00000   0.00000   0.06250   0.00000   0.00000   0.00000   0.12500   0.06250   0
4OF8 A  135   225 PF08205 Q08180   0.00000   0.05263   0.15789   0.10526   0.00000   0.00000   0.15789   0.00000   0.10526   0.10526   0.10526   0.05263   0.05263   0.00000   0.00000   0.00000   0.10526   0.00000   0.00000   0.00000   0
4FRW A  151   234 PF08205 Q96NY8   0.00000   0.05882   0.05882   0.00000   0.11765   0.17647   0.17647   0.11765   0.00000   0.05882   0.05882   0.00000   0.00000   0.00000   0.00000   0.00000   0.00000   0.00000   0.11765   0.05882   2
4OFD B  122   211 PF08205 Q80W68   0.06250   0.00000   0.06250   0.06250   0.12500   0.00000   0.12500   0.00000   0.12500   0.12500   0.00000   0.00000   0.12500   0.00000   0.06250   0.06250   0.00000   0.00000   0.00000   0.06250   0
4OF3 A  131   256 PF08205 B1Q236   0.05000   0.05000   0.00000   0.05000   0.05000   0.15000   0.10000   0.00000   0.05000   0.05000   0.05000   0.05000   0.00000   0.00000   0.05000   0.00000   0.00000   0.05000   0.10000   0.15000   0
1YJD C    5   118 PF15910 P10747   0.00000   0.04348   0.17391   0.00000   0.00000   0.04348   0.00000   0.08696   0.08696   0.08696   0.04348   0.17391   0.04348   0.00000   0.04348   0.04348   0.04348   0.00000   0.04348   0.04348   0
3P3Y A  146   222 PF00047 O94856   0.04545   0.00000   0.09091   0.04545   0.00000   0.09091   0.09091   0.00000   0.09091   0.00000   0.04545   0.00000   0.04545   0.00000   0.04545   0.09091   0.04545   0.00000   0.09091   0.18182   0
2X1W L  229   321 PF00047 P35968   0.10526   0.05263   0.10526   0.05263   0.00000   0.15789   0.15789   0.10526   0.05263   0.10526   0.00000   0.10526   0.00000   0.00000   0.00000   0.00000   0.00000   0.00000   0.00000   0.00000   0
4BFI B    4   106 PF00047 O54901   0.00000   0.00000   0.00000   0.04348   0.08696   0.08696   0.26087   0.00000   0.13043   0.08696   0.13043   0.04348   0.04348   0.00000   0.00000   0.04348   0.00000   0.04348   0.00000   0.00000   0
4BFI B  113   199 PF00047 O54901   0.00000   0.05882   0.05882   0.00000   0.11765   0.11765   0.05882   0.00000   0.17647   0.00000   0.05882   0.05882   0.05882   0.00000   0.00000   0.00000   0.11765   0.00000   0.05882   0.05882   0
3MJG Y   37   114 PF00047 P09619   0.00000   0.00000   0.21429   0.00000   0.00000   0.07143   0.28571   0.00000   0.07143   0.21429   0.07143   0.00000   0.00000   0.00000   0.00000   0.00000   0.00000   0.00000   0.00000   0.07143   0
3EOY I   33   124 PF00047 Q9Y624   0.00000   0.08696   0.00000   0.00000   0.08696   0.08696   0.08696   0.00000   0.00000   0.17391   0.00000   0.13043   0.13043   0.00000   0.04348   0.00000   0.08696   0.00000   0.00000   0.08696   1
2E9W A  216   305 PF00047 P10721   0.05000   0.00000   0.05000   0.00000   0.05000   0.15000   0.25000   0.00000   0.10000   0.10000   0.05000   0.05000   0.00000   0.00000   0.00000   0.00000   0.15000   0.00000   0.00000   0.00000   0
4YFC B  250   348 PF00047 P59823   0.04545   0.00000   0.04545   0.04545   0.09091   0.09091   0.00000   0.09091   0.09091   0.09091   0.00000   0.04545   0.09091   0.00000   0.04545   0.04545   0.09091   0.04545   0.00000   0.04545   0
2O26 U  217   308 PF00047 P05532   0.05000   0.00000   0.10000   0.00000   0.10000   0.15000   0.20000   0.00000   0.15000   0.00000   0.05000   0.00000   0.00000   0.00000   0.05000   0.00000   0.05000   0.00000   0.10000   0.00000   0
2NPL X   10    86 PF00047 P78310   0.00000   0.00000   0.00000   0.00000   0.07143   0.21429   0.07143   0.07143   0.07143   0.14286   0.14286   0.14286   0.07143   0.00000   0.00000   0.00000   0.00000   0.00000   0.00000   0.00000   0
3J6N K  149   225 PF00047 P78310   0.00000   0.00000   0.00000   0.00000   0.06667   0.13333   0.13333   0.06667   0.06667   0.13333   0.20000   0.13333   0.06667   0.00000   0.00000   0.00000   0.00000   0.00000   0.00000   0.00000   0
3JZ7 A  150   224 PF00047 P97792   0.00000   0.00000   0.00000   0.00000   0.06667   0.13333   0.13333   0.06667   0.06667   0.13333   0.20000   0.13333   0.06667   0.00000   0.00000   0.00000   0.00000   0.00000   0.00000   0.00000   0
2C9A A  189   274 PF00047 P28827   0.05263   0.00000   0.10526   0.00000   0.00000   0.05263   0.10526   0.10526   0.10526   0.15789   0.05263   0.00000   0.15789   0.00000   0.00000   0.05263   0.00000   0.05263   0.00000   0.00000   0
1OLZ A  540   618 PF00047 Q92854   0.13636   0.04545   0.09091   0.00000   0.09091   0.04545   0.04545   0.00000   0.00000   0.13636   0.04545   0.04545   0.09091   0.00000   0.04545   0.18182   0.00000   0.00000   0.00000   0.00000   1
1E07 A  205   284 PF13895 P06731   0.00000   0.00000   0.00000   0.05882   0.05882   0.17647   0.05882   0.00000   0.23529   0.00000   0.11765   0.00000   0.00000   0.00000   0.00000   0.11765   0.00000   0.00000   0.11765   0.05882   0
1E07 A  383   462 PF13895 P06731   0.00000   0.00000   0.00000   0.11765   0.05882   0.29412   0.00000   0.00000   0.23529   0.00000   0.11765   0.00000   0.00000   0.00000   0.00000   0.00000   0.00000   0.00000   0.17647   0.00000   0
1E07 A  561   640 PF13895 P06731   0.00000   0.05882   0.00000   0.11765   0.05882   0.11765   0.00000   0.00000   0.23529   0.00000   0.05882   0.00000   0.11765   0.00000   0.00000   0.05882   0.00000   0.00000   0.11765   0.05882   0
2DYP D    5    94 PF13895 Q8N423   0.00000   0.05556   0.05556   0.00000   0.05556   0.11111   0.05556   0.00000   0.00000   0.05556   0.16667   0.00000   0.16667   0.00000   0.00000   0.00000   0.11111   0.05556   0.00000   0.11111   0
2WNG A  117   204 PF07654 P78324   0.00000   0.05882   0.00000   0.05882   0.05882   0.05882   0.11765   0.05882   0.05882   0.17647   0.05882   0.11765   0.05882   0.00000   0.00000   0.05882   0.00000   0.00000   0.05882   0.00000   0
2WNG A  222   307 PF07654 P78324   0.00000   0.00000   0.06250   0.00000   0.18750   0.00000   0.12500   0.06250   0.12500   0.06250   0.31250   0.00000   0.00000   0.00000   0.00000   0.00000   0.00000   0.00000   0.06250   0.00000   0
4I2X F  118   205 PF07654 Q9P1W8   0.05556   0.05556   0.11111   0.05556   0.00000   0.05556   0.11111   0.05556   0.05556   0.11111   0.05556   0.05556   0.11111   0.00000   0.00000   0.05556   0.00000   0.00000   0.05556   0.00000   1
4I2X E  223   308 PF07654 Q9P1W8   0.00000   0.05556   0.05556   0.00000   0.11111   0.11111   0.05556   0.05556   0.11111   0.05556   0.27778   0.05556   0.00000   0.00000   0.00000   0.00000   0.00000   0.00000   0.05556   0.00000   0
1Z5L A  189   270 PF07654 P11609   0.05882   0.00000   0.23529   0.00000   0.00000   0.11765   0.05882   0.05882   0.00000   0.05882   0.17647   0.00000   0.00000   0.00000   0.00000   0.00000   0.00000   0.05882   0.11765   0.05882   1
3U0P A  191   268 PF07654 P15813   0.00000   0.00000   0.06667   0.00000   0.06667   0.06667   0.00000   0.06667   0.00000   0.06667   0.06667   0.13333   0.13333   0.00000   0.06667   0.00000   0.00000   0.06667   0.13333   0.06667   1
1QFO C    5   117 PF07686 Q62230   0.04348   0.00000   0.04348   0.17391   0.08696   0.00000   0.04348   0.04348   0.04348   0.08696   0.08696   0.04348   0.08696   0.04348   0.04348   0.00000   0.04348   0.04348   0.04348   0.00000   2
2QST B    4   107 PF07686 P06731   0.13636   0.00000   0.04545   0.09091   0.09091   0.09091   0.00000   0.00000   0.09091   0.04545   0.09091   0.04545   0.04545   0.00000   0.00000   0.04545   0.09091   0.00000   0.09091   0.00000   1
3MJ7 A   11   119 PF07686 Q80UL9   0.04348   0.00000   0.13043   0.00000   0.17391   0.04348   0.04348   0.08696   0.00000   0.13043   0.08696   0.00000   0.13043   0.00000   0.00000   0.04348   0.04348   0.00000   0.04348   0.00000   0
3MJ7 A  121   234 PF07686 Q80UL9   0.08696   0.00000   0.04348   0.00000   0.00000   0.17391   0.17391   0.08696   0.04348   0.08696   0.08696   0.08696   0.04348   0.00000   0.04348   0.00000   0.04348   0.00000   0.00000   0.00000   0
5DZL B    4   107 PF07686 P13688   0.13636   0.00000   0.04545   0.04545   0.09091   0.09091   0.04545   0.00000   0.09091   0.04545   0.13636   0.04545   0.04545   0.00000   0.00000   0.04545   0.09091   0.00000   0.04545   0.00000   3
3R4D C    5   107 PF07686 P31809   0.09091   0.09091   0.00000   0.04545   0.09091   0.00000   0.04545   0.09091   0.04545   0.09091   0.09091   0.04545   0.09091   0.00000   0.00000   0.00000   0.13636   0.00000   0.04545   0.00000   0
2ZG1 A   29   145 PF07686 O15389   0.12500   0.00000   0.04167   0.00000   0.12500   0.12500   0.08333   0.00000   0.00000   0.08333   0.00000   0.08333   0.12500   0.04167   0.00000   0.04167   0.12500   0.00000   0.00000   0.00000   0
2J1K X   23   138 PF07686 P78310   0.00000   0.04348   0.08696   0.00000   0.13043   0.04348   0.13043   0.04348   0.04348   0.08696   0.04348   0.17391   0.00000   0.00000   0.04348   0.00000   0.08696   0.00000   0.04348   0.00000   2
3MJ7 B    4   119 PF07686 P97792   0.00000   0.04348   0.08696   0.00000   0.13043   0.04348   0.13043   0.04348   0.04348   0.08696   0.04348   0.17391   0.04348   0.00000   0.00000   0.00000   0.08696   0.00000   0.04348   0.00000   0
4FRW B   35   146 PF07686 Q96NY8   0.08333   0.08333   0.04167   0.00000   0.08333   0.12500   0.08333   0.04167   0.00000   0.08333   0.08333   0.04167   0.08333   0.00000   0.00000   0.08333   0.00000   0.00000   0.00000   0.08333   1
2YZ1 B   12   120 PF07686 P97797   0.05000   0.00000   0.10000   0.05000   0.10000   0.25000   0.05000   0.00000   0.00000   0.05000   0.05000   0.10000   0.05000   0.00000   0.00000   0.05000   0.05000   0.00000   0.00000   0.05000   1
4FMF C   36   143 PF07686 Q15223   0.04167   0.04167   0.04167   0.04167   0.08333   0.12500   0.12500   0.04167   0.08333   0.08333   0.12500   0.00000   0.08333   0.00000   0.00000   0.04167   0.04167   0.00000   0.00000   0.00000   2
2JJT A    8   114 PF07686 P78324   0.04762   0.00000   0.09524   0.04762   0.04762   0.28571   0.09524   0.00000   0.04762   0.04762   0.04762   0.00000   0.04762   0.00000   0.00000   0.14286   0.00000   0.00000   0.00000   0.04762   1
4H5S B    4    98 PF07686 Q9BY67   0.00000   0.00000   0.09091   0.00000   0.09091   0.09091   0.22727   0.00000   0.04545   0.00000   0.22727   0.00000   0.00000   0.00000   0.00000   0.04545   0.04545   0.00000   0.00000   0.13636   0
3M45 B   37   130 PF07686 Q8BLQ9   0.00000   0.00000   0.09091   0.04545   0.04545   0.22727   0.22727   0.00000   0.00000   0.04545   0.09091   0.00000   0.09091   0.00000   0.00000   0.09091   0.00000   0.00000   0.00000   0.04545   2
1F97 A   32   128 PF07686 O88792   0.04348   0.04348   0.00000   0.00000   0.04348   0.17391   0.17391   0.04348   0.04348   0.08696   0.04348   0.08696   0.04348   0.00000   0.04348   0.00000   0.08696   0.00000   0.00000   0.04348   0
2PF6 B    5   113 PF07686 P50895   0.08333   0.08333   0.08333   0.04167   0.04167   0.12500   0.08333   0.08333   0.00000   0.08333   0.04167   0.00000   0.08333   0.00000   0.04167   0.04167   0.04167   0.00000   0.00000   0.04167   1
4I2X E    8   111 PF07686 Q9P1W8   0.04545   0.00000   0.09091   0.00000   0.18182   0.09091   0.18182   0.00000   0.04545   0.09091   0.00000   0.00000   0.09091   0.00000   0.00000   0.13636   0.00000   0.00000   0.00000   0.04545   0
2DF3 A   29   144 PF07686 Q9Y286   0.08333   0.04167   0.04167   0.00000   0.04167   0.12500   0.08333   0.00000   0.00000   0.04167   0.04167   0.08333   0.08333   0.04167   0.00000   0.04167   0.04167   0.04167   0.12500   0.04167   0
1DQT D    4   115 PF07686 P09793   0.04545   0.04545   0.18182   0.00000   0.13636   0.09091   0.18182   0.00000   0.00000   0.13636   0.04545   0.04545   0.04545   0.00000   0.00000   0.00000   0.00000   0.00000   0.00000   0.04545   3
4FOM A   61   167 PF07686 Q9NQS3   0.04167   0.00000   0.08333   0.00000   0.08333   0.08333   0.20833   0.00000   0.12500   0.04167   0.12500   0.08333   0.00000   0.00000   0.00000   0.04167   0.00000   0.00000   0.08333   0.00000   0
1PY9 A    7   116 PF07686 Q61885   0.04167   0.00000   0.04167   0.00000   0.08333   0.00000   0.00000   0.04167   0.00000   0.16667   0.12500   0.04167   0.20833   0.00000   0.04167   0.04167   0.08333   0.00000   0.04167   0.04167   0
2Q87 A    3   106 PF07686 Q9UGN4   0.05000   0.05000   0.00000   0.00000   0.05000   0.15000   0.10000   0.15000   0.05000   0.10000   0.00000   0.05000   0.05000   0.05000   0.00000   0.00000   0.05000   0.00000   0.05000   0.05000   2
1PKO A    7   116 PF07686 Q63345   0.08333   0.00000   0.04167   0.00000   0.08333   0.00000   0.00000   0.04167   0.00000   0.16667   0.12500   0.04167   0.20833   0.00000   0.00000   0.04167   0.08333   0.00000   0.04167   0.04167   0
1A7B C    5    98 PF07686 P08921   0.00000   0.08333   0.00000   0.08333   0.08333   0.08333   0.08333   0.00000   0.08333   0.08333   0.00000   0.25000   0.08333   0.00000   0.00000   0.00000   0.08333   0.00000   0.00000   0.00000   3
1HNG A    2    98 PF07686 P08921   0.04545   0.04545   0.00000   0.00000   0.09091   0.04545   0.13636   0.04545   0.09091   0.18182   0.00000   0.13636   0.09091   0.00000   0.00000   0.00000   0.04545   0.04545   0.00000   0.00000   1
1NN8 T   32   142 PF07686 P15151   0.08333   0.12500   0.04167   0.00000   0.08333   0.16667   0.12500   0.00000   0.00000   0.00000   0.08333   0.00000   0.04167   0.00000   0.04167   0.08333   0.04167   0.00000   0.04167   0.04167   2
4FN0 B   38   150 PF07686 P32507   0.04167   0.12500   0.08333   0.00000   0.00000   0.08333   0.20833   0.00000   0.00000   0.12500   0.08333   0.00000   0.12500   0.00000   0.00000   0.04167   0.00000   0.00000   0.04167   0.04167   1
1QA9 C    4   103 PF07686 P06729   0.00000   0.00000   0.00000   0.00000   0.04348   0.04348   0.04348   0.17391   0.08696   0.17391   0.04348   0.30435   0.00000   0.00000   0.00000   0.00000   0.04348   0.04348   0.00000   0.00000   1
4HZA A   37   158 PF07686 Q92692   0.04167   0.12500   0.04167   0.00000   0.04167   0.16667   0.12500   0.00000   0.04167   0.12500   0.08333   0.00000   0.04167   0.00000   0.00000   0.04167   0.00000   0.00000   0.08333   0.04167   1
3RBG A   21   115 PF07686 O95727   0.00000   0.00000   0.09091   0.00000   0.22727   0.13636   0.27273   0.00000   0.00000   0.00000   0.09091   0.00000   0.00000   0.00000   0.00000   0.04545   0.04545   0.00000   0.04545   0.04545   3
1I8L A    2   101 PF07686 P33681   0.04167   0.00000   0.12500   0.08333   0.08333   0.00000   0.16667   0.04167   0.00000   0.00000   0.04167   0.12500   0.08333   0.00000   0.04167   0.00000   0.08333   0.04167   0.04167   0.00000   1
4RWH A    1   100 PF07686 Q00609   0.00000   0.00000   0.13043   0.04348   0.13043   0.08696   0.00000   0.08696   0.04348   0.04348   0.13043   0.13043   0.08696   0.00000   0.00000   0.00000   0.04348   0.04348   0.00000   0.00000   0
3UDW A   28   127 PF07686 Q495A1   0.08333   0.04167   0.00000   0.12500   0.04167   0.12500   0.16667   0.00000   0.08333   0.04167   0.12500   0.00000   0.00000   0.00000   0.00000   0.00000   0.04167   0.00000   0.08333   0.04167   1
3OSK A    6   117 PF07686 P16410   0.00000   0.04348   0.08696   0.04348   0.17391   0.08696   0.21739   0.00000   0.00000   0.13043   0.04348   0.04348   0.04348   0.00000   0.00000   0.00000   0.04348   0.00000   0.00000   0.04348   1
3NOI B   22   128 PF07686 O14931   0.08696   0.08696   0.08696   0.00000   0.08696   0.13043   0.04348   0.00000   0.04348   0.13043   0.00000   0.04348   0.13043   0.00000   0.00000   0.08696   0.00000   0.00000   0.04348   0.00000   1
1GL4 B 1769  1843 PF13927 Q05793   0.05882   0.00000   0.05882   0.00000   0.00000   0.17647   0.35294   0.05882   0.05882   0.00000   0.00000   0.05882   0.05882   0.00000   0.05882   0.00000   0.05882   0.00000   0.00000   0.00000   0
2V9Q A   67   151 PF13927 Q9Y6N7   0.00000   0.00000   0.05263   0.05263   0.10526   0.00000   0.10526   0.05263   0.05263   0.10526   0.00000   0.05263   0.10526   0.00000   0.05263   0.05263   0.05263   0.00000   0.00000   0.15789   0
1CS6 A   11    89 PF13927 P28685   0.00000   0.00000   0.17647   0.00000   0.05882   0.05882   0.23529   0.00000   0.05882   0.05882   0.00000   0.11765   0.17647   0.00000   0.00000   0.00000   0.00000   0.00000   0.05882   0.00000   0
1CS6 A  212   284 PF13927 P28685   0.00000   0.00000   0.00000   0.00000   0.00000   0.05882   0.05882   0.05882   0.05882   0.11765   0.11765   0.11765   0.05882   0.00000   0.05882   0.05882   0.05882   0.05882   0.05882   0.05882   0
3P3Y A   40   122 PF13927 O94856   0.00000   0.00000   0.05556   0.05556   0.05556   0.11111   0.05556   0.11111   0.11111   0.05556   0.00000   0.00000   0.16667   0.00000   0.00000   0.16667   0.00000   0.00000   0.05556   0.00000   0
3P3Y A  243   320 PF13927 O94856   0.05556   0.05556   0.00000   0.05556   0.11111   0.11111   0.05556   0.16667   0.11111   0.05556   0.00000   0.05556   0.05556   0.00000   0.05556   0.00000   0.05556   0.00000   0.00000   0.00000   0
3P3Y A  338   412 PF13927 O94856   0.00000   0.11111   0.00000   0.11111   0.00000   0.05556   0.05556   0.05556   0.16667   0.11111   0.05556   0.00000   0.16667   0.00000   0.05556   0.00000   0.00000   0.00000   0.00000   0.05556   0
2OM5 A    7    85 PF13927 Q02246   0.00000   0.00000   0.11765   0.00000   0.17647   0.11765   0.11765   0.00000   0.05882   0.05882   0.11765   0.05882   0.11765   0.00000   0.05882   0.00000   0.00000   0.00000   0.00000   0.00000   0
3NCM A    3    76 PF13927 P13595   0.00000   0.00000   0.05263   0.10526   0.05263   0.05263   0.05263   0.15789   0.00000   0.10526   0.05263   0.10526   0.15789   0.00000   0.00000   0.00000   0.00000   0.00000   0.00000   0.10526   0
1EPF A  100   173 PF13927 P13596   0.00000   0.00000   0.05263   0.10526   0.10526   0.05263   0.05263   0.15789   0.00000   0.10526   0.05263   0.05263   0.15789   0.00000   0.00000   0.00000   0.00000   0.00000   0.00000   0.10526   2
4OFY F   21   107 PF13927 Q9U3P2   0.00000   0.00000   0.05000   0.05000   0.10000   0.25000   0.10000   0.00000   0.05000   0.00000   0.10000   0.15000   0.00000   0.00000   0.00000   0.00000   0.10000   0.00000   0.00000   0.05000   0
4OFP A  234   312 PF13927 Q9U3P2   0.00000   0.06667   0.00000   0.00000   0.00000   0.20000   0.06667   0.06667   0.20000   0.00000   0.00000   0.06667   0.13333   0.00000   0.00000   0.06667   0.06667   0.00000   0.00000   0.06667   1
1E07 A  112   185 PF13927 P06731   0.00000   0.12500   0.06250   0.00000   0.12500   0.06250   0.12500   0.00000   0.06250   0.12500   0.06250   0.00000   0.00000   0.00000   0.00000   0.06250   0.06250   0.06250   0.00000   0.06250   0
1E07 A  290   363 PF13927 P06731   0.06250   0.12500   0.06250   0.00000   0.18750   0.06250   0.12500   0.00000   0.06250   0.06250   0.06250   0.00000   0.00000   0.00000   0.00000   0.00000   0.06250   0.06250   0.00000   0.06250   0
1E07 A  468   541 PF13927 P06731   0.06250   0.12500   0.06250   0.00000   0.12500   0.06250   0.12500   0.00000   0.06250   0.06250   0.06250   0.00000   0.00000   0.00000   0.00000   0.06250   0.06250   0.06250   0.00000   0.06250   0
2XYC A  400   479 PF13927 O15394   0.00000   0.10526   0.05263   0.05263   0.05263   0.10526   0.10526   0.05263   0.10526   0.05263   0.00000   0.05263   0.05263   0.00000   0.00000   0.00000   0.10526   0.00000   0.05263   0.05263   0
2CRY A   14    98 PF13927 Q8IZU9   0.00000   0.05000   0.05000   0.00000   0.00000   0.15000   0.20000   0.05000   0.10000   0.10000   0.05000   0.05000   0.05000   0.00000   0.00000   0.05000   0.00000   0.05000   0.05000   0.00000   0
3R4D A  109   184 PF13927 P31809   0.00000   0.00000   0.00000   0.00000   0.11765   0.23529   0.17647   0.05882   0.11765   0.05882   0.17647   0.00000   0.05882   0.00000   0.00000   0.00000   0.00000   0.00000   0.00000   0.00000   1
4YFG B  232   303 PF13927 Q64487   0.00000   0.00000   0.12500   0.00000   0.00000   0.12500   0.00000   0.06250   0.18750   0.25000   0.00000   0.06250   0.00000   0.00000   0.12500   0.00000   0.06250   0.00000   0.00000   0.00000   0
4RCA A  235   306 PF13927 P23468   0.00000   0.00000   0.12500   0.00000   0.00000   0.12500   0.00000   0.06250   0.18750   0.18750   0.00000   0.06250   0.00000   0.00000   0.12500   0.00000   0.06250   0.00000   0.00000   0.06250   0
4PBX A  135   211 PF13927 Q13332   0.00000   0.05263   0.10526   0.00000   0.10526   0.05263   0.21053   0.00000   0.05263   0.10526   0.05263   0.05263   0.05263   0.00000   0.00000   0.05263   0.00000   0.00000   0.00000   0.10526   0
2WV3 A    4    76 PF13927 P97546   0.00000   0.00000   0.12500   0.06250   0.00000   0.00000   0.12500   0.00000   0.12500   0.12500   0.00000   0.00000   0.12500   0.00000   0.06250   0.00000   0.12500   0.00000   0.06250   0.06250   0
2WV3 A   92   175 PF13927 P97546   0.00000   0.00000   0.05263   0.05263   0.00000   0.10526   0.05263   0.05263   0.21053   0.15789   0.00000   0.05263   0.05263   0.00000   0.10526   0.05263   0.00000   0.00000   0.00000   0.05263   0
3QQN A    4    91 PF13927 P35613   0.00000   0.05263   0.00000   0.00000   0.00000   0.26316   0.00000   0.05263   0.05263   0.15789   0.15789   0.00000   0.05263   0.00000   0.00000   0.00000   0.00000   0.05263   0.10526   0.05263   1
4U0Q D  104   189 PF13927 P35613   0.00000   0.11111   0.00000   0.00000   0.00000   0.16667   0.16667   0.05556   0.05556   0.05556   0.00000   0.11111   0.00000   0.00000   0.05556   0.05556   0.05556   0.00000   0.11111   0.00000   1
1F97 A  133   216 PF13927 O88792   0.00000   0.00000   0.05556   0.11111   0.00000   0.22222   0.05556   0.11111   0.05556   0.05556   0.11111   0.00000   0.11111   0.00000   0.00000   0.05556   0.00000   0.00000   0.00000   0.05556   0
3MJG Y  213   295 PF13927 P09619   0.00000   0.00000   0.18750   0.06250   0.00000   0.00000   0.25000   0.00000   0.18750   0.18750   0.00000   0.00000   0.00000   0.00000   0.00000   0.00000   0.00000   0.00000   0.06250   0.06250   0
1NBQ B  134   216 PF13927 Q9Y624   0.00000   0.00000   0.23529   0.05882   0.00000   0.11765   0.05882   0.05882   0.05882   0.11765   0.00000   0.00000   0.11765   0.00000   0.00000   0.05882   0.00000   0.00000   0.00000   0.11765   1
4MYW B  246   320 PF13927 Q15223   0.07143   0.00000   0.00000   0.00000   0.00000   0.07143   0.21429   0.07143   0.07143   0.14286   0.00000   0.21429   0.00000   0.00000   0.00000   0.07143   0.00000   0.00000   0.07143   0.00000   0
4RA0 C   30   113 PF13927 P30530   0.00000   0.00000   0.00000   0.05263   0.10526   0.00000   0.26316   0.05263   0.05263   0.10526   0.15789   0.00000   0.05263   0.00000   0.00000   0.05263   0.00000   0.00000   0.05263   0.05263   0
2V9Q A  170   258 PF07679 Q9Y6N7   0.08696   0.00000   0.08696   0.00000   0.00000   0.08696   0.17391   0.04348   0.04348   0.04348   0.04348   0.08696   0.04348   0.00000   0.13043   0.00000   0.00000   0.00000   0.00000   0.13043   0
2EDJ A    9    96 PF07679 Q9HCK4   0.00000   0.00000   0.09524   0.00000   0.09524   0.14286   0.23810   0.00000   0.04762   0.09524   0.09524   0.09524   0.04762   0.00000   0.00000   0.04762   0.00000   0.00000   0.00000   0.00000   0
2WIM A   21   111 PF07679 O15394   0.00000   0.04762   0.04762   0.00000   0.00000   0.09524   0.19048   0.09524   0.00000   0.14286   0.14286   0.09524   0.00000   0.00000   0.00000   0.04762   0.09524   0.00000   0.00000   0.00000   0
2WIM A  115   198 PF07679 O15394   0.00000   0.19048   0.04762   0.04762   0.14286   0.04762   0.09524   0.04762   0.00000   0.19048   0.04762   0.00000   0.09524   0.00000   0.00000   0.00000   0.00000   0.00000   0.00000   0.04762   0
2WIM A  211   298 PF07679 O15394   0.10000   0.05000   0.00000   0.05000   0.05000   0.10000   0.15000   0.00000   0.10000   0.10000   0.00000   0.10000   0.15000   0.00000   0.00000   0.05000   0.00000   0.00000   0.00000   0.00000   0
2JLL A  302   397 PF07679 O15394   0.09524   0.04762   0.00000   0.00000   0.00000   0.09524   0.23810   0.04762   0.00000   0.14286   0.04762   0.14286   0.04762   0.00000   0.00000   0.04762   0.00000   0.00000   0.04762   0.00000   0
2NCM A    3    97 PF07679 P13595   0.00000   0.04545   0.09091   0.00000   0.00000   0.13636   0.13636   0.04545   0.00000   0.13636   0.13636   0.09091   0.00000   0.00000   0.00000   0.09091   0.04545   0.04545   0.00000   0.00000   0
3MTR B  408   495 PF07679 P13591   0.04348   0.08696   0.04348   0.00000   0.04348   0.08696   0.13043   0.00000   0.13043   0.08696   0.13043   0.04348   0.04348   0.00000   0.00000   0.04348   0.08696   0.00000   0.00000   0.00000   1
1EPF D    1    95 PF07679 P13596   0.00000   0.04545   0.09091   0.00000   0.00000   0.13636   0.13636   0.04545   0.00000   0.13636   0.13636   0.09091   0.00000   0.00000   0.00000   0.09091   0.04545   0.04545   0.00000   0.00000   0
1QZ1 A  195   286 PF07679 P13596   0.00000   0.00000   0.00000   0.15000   0.00000   0.15000   0.20000   0.05000   0.15000   0.15000   0.00000   0.05000   0.05000   0.00000   0.00000   0.00000   0.00000   0.00000   0.00000   0.05000   0
1IE5 A   14   104 PF07679 P13590   0.00000   0.00000   0.00000   0.09091   0.00000   0.09091   0.22727   0.04545   0.18182   0.13636   0.04545   0.09091   0.00000   0.00000   0.00000   0.00000   0.00000   0.00000   0.00000   0.09091   0
1CS6 A  301   386 PF07679 P28685   0.00000   0.05263   0.10526   0.00000   0.05263   0.05263   0.05263   0.10526   0.05263   0.15789   0.05263   0.05263   0.15789   0.00000   0.00000   0.00000   0.00000   0.00000   0.00000   0.10526   0
2OM5 A  297   382 PF07679 Q02246   0.00000   0.05263   0.05263   0.00000   0.05263   0.05263   0.10526   0.05263   0.10526   0.21053   0.00000   0.05263   0.15789   0.00000   0.00000   0.00000   0.00000   0.00000   0.00000   0.10526   0
3S97 D  242   327 PF07679 Q12860   0.00000   0.00000   0.00000   0.05263   0.00000   0.05263   0.10526   0.10526   0.10526   0.15789   0.00000   0.10526   0.10526   0.00000   0.00000   0.10526   0.05263   0.00000   0.00000   0.05263   0
1VSC A    1    88 PF07679 P19320   0.00000   0.00000   0.05263   0.00000   0.05263   0.26316   0.15789   0.00000   0.05263   0.05263   0.00000   0.05263   0.15789   0.05263   0.00000   0.05263   0.00000   0.00000   0.00000   0.05263   0
3KVQ A  667   754 PF07679 P35968   0.00000   0.00000   0.11111   0.00000   0.00000   0.05556   0.22222   0.00000   0.05556   0.11111   0.11111   0.05556   0.05556   0.11111   0.05556   0.05556   0.00000   0.00000   0.00000   0.00000   0
3PXH A   33   124 PF07679 A2A8L5   0.00000   0.00000   0.04762   0.04762   0.00000   0.14286   0.19048   0.04762   0.04762   0.14286   0.09524   0.09524   0.09524   0.00000   0.04762   0.00000   0.00000   0.00000   0.00000   0.00000   0
3PXH A  135   225 PF07679 A2A8L5   0.04348   0.08696   0.08696   0.00000   0.13043   0.08696   0.17391   0.00000   0.04348   0.08696   0.04348   0.04348   0.04348   0.00000   0.00000   0.04348   0.00000   0.00000   0.00000   0.08696   0
2YD5 A   33   124 PF07679 P10586   0.00000   0.00000   0.04762   0.04762   0.00000   0.14286   0.19048   0.04762   0.04762   0.14286   0.09524   0.09524   0.09524   0.00000   0.04762   0.00000   0.00000   0.00000   0.00000   0.00000   0
2YD5 A  135   225 PF07679 P10586   0.04348   0.08696   0.08696   0.00000   0.13043   0.08696   0.17391   0.00000   0.04348   0.08696   0.04348   0.04348   0.04348   0.00000   0.00000   0.04348   0.00000   0.00000   0.00000   0.08696   0
3PXJ D   36   129 PF07679 P16621   0.09091   0.09091   0.13636   0.00000   0.04545   0.09091   0.04545   0.04545   0.09091   0.13636   0.00000   0.09091   0.09091   0.00000   0.00000   0.00000   0.00000   0.00000   0.00000   0.04545   0
3PXJ B  140   227 PF07679 P16621   0.04545   0.00000   0.09091   0.04545   0.04545   0.13636   0.13636   0.04545   0.09091   0.09091   0.04545   0.13636   0.00000   0.00000   0.00000   0.00000   0.04545   0.00000   0.00000   0.04545   1
2YD3 A   33   124 PF07679 Q13332   0.04545   0.00000   0.09091   0.04545   0.00000   0.09091   0.09091   0.04545   0.13636   0.04545   0.13636   0.09091   0.09091   0.00000   0.00000   0.04545   0.00000   0.00000   0.00000   0.04545   0
4PBX A  232   315 PF07679 Q13332   0.05556   0.00000   0.16667   0.00000   0.00000   0.11111   0.05556   0.05556   0.11111   0.16667   0.00000   0.05556   0.00000   0.00000   0.11111   0.00000   0.05556   0.00000   0.00000   0.05556   0
2YD7 A   24   115 PF07679 P23468   0.04348   0.00000   0.13043   0.04348   0.00000   0.13043   0.04348   0.04348   0.13043   0.13043   0.08696   0.13043   0.04348   0.00000   0.00000   0.00000   0.00000   0.00000   0.00000   0.04348   1
2YD7 A  126   219 PF07679 P23468   0.04762   0.04762   0.09524   0.00000   0.09524   0.04762   0.23810   0.00000   0.04762   0.09524   0.04762   0.04762   0.04762   0.00000   0.00000   0.04762   0.00000   0.00000   0.00000   0.09524   0
4YFC A   31   122 PF07679 Q64487   0.00000   0.00000   0.13636   0.04545   0.00000   0.13636   0.04545   0.04545   0.13636   0.13636   0.09091   0.13636   0.04545   0.00000   0.00000   0.00000   0.00000   0.00000   0.00000   0.04545   0
4YFG B  133   226 PF07679 Q64487   0.04545   0.04545   0.13636   0.00000   0.09091   0.04545   0.22727   0.00000   0.04545   0.09091   0.04545   0.04545   0.04545   0.00000   0.00000   0.04545   0.00000   0.00000   0.00000   0.09091   1
4OF8 C   28   119 PF07679 Q08180   0.16667   0.08333   0.04167   0.00000   0.00000   0.08333   0.20833   0.08333   0.00000   0.00000   0.08333   0.00000   0.08333   0.00000   0.00000   0.04167   0.04167   0.00000   0.00000   0.08333   1
4OF3 B   23   124 PF07679 B1Q236   0.12500   0.04167   0.04167   0.04167   0.04167   0.12500   0.08333   0.08333   0.00000   0.04167   0.08333   0.04167   0.08333   0.00000   0.04167   0.04167   0.00000   0.00000   0.00000   0.08333   1
4OFD B   25   122 PF07679 Q80W68   0.08696   0.13043   0.13043   0.04348   0.04348   0.00000   0.17391   0.04348   0.00000   0.08696   0.08696   0.04348   0.08696   0.00000   0.04348   0.00000   0.00000   0.00000   0.00000   0.00000   1
1Z9M B   41   136 PF07679 Q8N126   0.00000   0.00000   0.13636   0.00000   0.04545   0.27273   0.22727   0.00000   0.00000   0.00000   0.18182   0.00000   0.00000   0.00000   0.00000   0.09091   0.00000   0.00000   0.00000   0.04545   1
1RHF B    7    95 PF07679 Q06418   0.00000   0.05556   0.11111   0.00000   0.05556   0.11111   0.05556   0.11111   0.00000   0.05556   0.16667   0.16667   0.00000   0.00000   0.00000   0.00000   0.00000   0.00000   0.00000   0.11111   0
2XOT A  272   357 PF07679 Q80ZD8   0.05263   0.05263   0.15789   0.00000   0.00000   0.00000   0.15789   0.05263   0.10526   0.15789   0.05263   0.05263   0.00000   0.00000   0.05263   0.05263   0.05263   0.00000   0.00000   0.00000   0
